Feed0: ((345.115531380435, -0.906373161158552), -61.5)
Build0: ((421.9993957341645, -0.13428970780894423), -43.9)
Feed3: ((339.83367990827514, 0.6612754448936875), -63.1)
Build3: ((419.63986941185647, 1.4371897266252207), -41.9)
Build2: ((426.5335860163886, 2.994059053904068), -35.8)
Build2: ((425.891124584676, 2.997869268623701), -41.9)
Build1: ((419.06381375633, -1.6956840863418643), -45.3)